
diccionario = {' ';'a';'b';'c';'d';'e';'f';'g';'h';'i';'j';'k';'l';'m';'n';'o';'p';'q';'r';'s';'t';'u';'v';'w';'x';'y';'z';'á';'é';'í';'ó';'ú';'ü';'ñ'};
p = [0.1899 0.0934 0.0179 0.0326 0.0406 0.0987 0.0056 0.0143 0.0057 0.0506 0.0040 0.0001 0.0402 0.0256 0.0544 0.0703 0.0203 0.0071 0.0557 0.0646 0.0375 0.0237 0.0092 0.0001 0.0017 0.0082 0.0038 0.0041 0.0035 0.0059 0.0067 0.0014 0.0001 0.0025];



